0.93 0.57 0.20 0.81 0.74 0.68 0.86 0.52 0.59 0.74 0.49 0.10 0.62 0.63 0.06 0.84 0.61 0.93 0.20 0.18 0.87 0.08 0.94 0.88 0.52 0.48 0.96 0.43 0.76 0.08 0.24 0.25 0.13 0.13 0.42 0.71 0.07 0.42 0.58 0.60 0.53 0.28 0.83 0.08 0.52 0.27 0.28 0.14 0.96 0.29
0.23 0.29 0.15 0.02 0.00 0.68 0.10 0.72 0.83 0.65 0.79 0.42 0.42 0.80 0.98 0.26 0.30 0.12 0.30 0.41 0.41 0.78 0.95 0.82 0.41 0.64 0.15 0.76 0.99 0.89 0.42 0.42 0.85 0.47 0.96 0.44 0.78 0.23 0.36 0.73 0.30 0.34 0.86 0.10 0.85 0.24 0.97 0.46 0.95 0.90
0.39 0.18 0.12 0.27 0.50 0.93 0.51 0.52 0.61 0.88 0.47 0.24 0.70 0.93 0.65 0.41 0.86 0.84 0.96 0.60 0.77 0.50 0.49 0.40 0.75 0.66 0.55 0.85 0.64 0.63 0.61 0.32 0.15 0.53 0.60 0.32 0.43 0.81 0.60 0.93 0.71 0.43 0.02 0.68 0.57 0.52 0.08 0.26 0.84 0.88
0.24 0.00 0.52 0.25 0.15 0.33 0.03 0.88 0.33 0.67 0.27 0.88 0.37 0.89 0.77 0.84 0.99 0.96 0.79 0.02 0.33 0.61 0.80 0.94 0.67 0.27 0.06 0.48 0.93 0.58 0.21 0.50 0.04 0.57 0.38 0.87 0.98 0.86 0.41 0.14 0.14 0.43 0.62 0.07 0.03 0.51 0.82 0.60 0.27 0.30
0.16 0.11 0.32 0.65 0.09 0.19 0.57 0.95 0.23 0.40 0.96 0.42 0.52 0.44 0.83 0.72 0.38 0.41 0.27 0.51 0.56 0.27 0.60 0.89 0.97 0.32 0.37 0.10 0.18 0.76 0.56 0.34 0.55 1.00 0.82 0.17 0.43 0.95 0.96 0.00 0.58 0.04 0.70 0.50 0.38 0.04 0.97 0.36 0.51 0.03
0.38 0.44 0.91 0.98 0.56 0.55 0.83 0.19 0.21 0.23 0.07 0.66 0.91 0.28 0.67 0.25 0.55 0.33 0.96 0.41 0.35 0.31 0.57 0.55 0.14 0.30 0.29 0.39 0.67 0.10 0.57 0.82 0.97 0.54 0.54 0.79 0.13 0.66 0.79 0.29 0.98 0.93 0.20 0.42 0.14 0.16 0.26 0.64 0.83 0.22
0.38 0.99 0.43 0.26 0.75 0.14 0.46 0.66 0.41 0.31 0.71 0.39 0.69 0.80 0.44 0.55 1.00 0.43 0.90 0.96 0.50 0.36 0.31 0.67 0.29 0.72 0.50 0.48 0.69 0.13 0.42 0.02 0.67 0.99 0.39 0.15 0.42 0.82 0.59 0.18 0.32 0.45 0.06 0.20 0.99 0.08 0.86 0.75 0.34 0.28
0.53 0.19 0.54 0.30 0.62 0.00 0.98 0.02 0.42 0.04 0.53 0.85 0.57 0.20 0.12 0.76 0.64 0.20 0.55 0.96 0.83 0.07 0.59 0.84 0.46 0.25 0.44 0.31 0.37 0.48 0.45 0.10 0.73 0.06 0.58 0.17 0.86 0.07 0.68 0.52 0.67 0.63 0.50 0.06 0.56 0.53 0.84 0.53 0.29 0.27
0.25 0.03 0.00 0.10 0.13 0.34 0.55 0.98 0.26 0.99 0.80 0.99 0.03 0.61 0.46 0.48 0.28 0.31 0.46 0.88 0.74 0.06 0.61 0.96 0.08 0.44 0.39 0.20 0.15 0.47 0.62 0.27 0.67 0.04 0.09 0.15 0.39 0.52 0.07 0.12 0.93 0.95 0.63 0.88 0.76 0.03 0.29 0.18 0.46 0.98
0.84 0.33 0.25 0.85 0.84 0.46 0.43 0.70 0.90 0.29 0.22 0.22 0.89 0.10 0.62 0.06 0.82 0.34 0.34 0.25 0.98 0.71 0.31 0.30 0.04 0.50 0.69 0.48 0.58 0.02 0.80 0.26 0.62 0.50 0.22 0.92 0.97 0.57 0.98 0.08 0.92 0.78 0.16 0.44 0.08 0.73 0.40 0.64 0.53 0.70
0.95 0.61 0.78 1.00 0.36 0.79 0.33 0.47 0.43 0.25 0.03 0.21 0.04 0.26 0.52 0.10 0.61 0.20 0.58 0.93 0.36 0.64 0.05 0.70 0.59 0.75 0.78 0.30 0.89 0.50 0.73 0.17 0.08 0.60 0.11 0.22 0.60 0.37 0.60 0.16 0.04 0.13 0.58 0.44 0.46 0.97 0.58 0.25 0.78 0.20
0.02 0.53 0.34 0.59 0.49 0.70 0.60 0.23 0.62 0.98 0.12 0.68 0.31 0.09 0.34 0.39 0.52 0.45 0.42 0.47 0.59 0.70 0.80 0.54 0.43 0.19 0.37 0.55 0.85 0.98 0.59 0.35 0.89 0.49 0.57 0.89 0.04 0.48 0.01 0.70 0.14 0.56 0.98 0.39 0.97 0.05 0.51 0.19 0.69 0.58
0.36 0.41 0.59 0.46 0.69 0.03 0.23 0.28 0.13 0.55 0.77 0.92 0.68 0.03 0.83 0.91 0.82 0.78 0.11 0.48 0.52 0.69 0.52 0.07 0.10 0.59 0.03 0.69 0.94 0.60 0.24 0.70 0.67 0.70 0.93 0.15 0.22 0.87 0.98 0.20 0.15 0.00 0.55 0.79 0.12 0.93 0.59 0.42 0.50 0.63
0.15 0.98 0.23 0.80 0.78 0.72 0.23 0.40 0.30 0.70 0.93 0.53 0.97 0.63 0.79 0.14 0.78 0.99 0.55 0.38 0.41 0.97 0.61 0.90 0.58 0.52 0.62 0.55 0.45 0.67 0.01 0.96 0.41 0.90 0.14 0.08 0.71 0.57 0.99 0.43 0.05 0.88 0.38 0.39 0.30 0.09 0.65 0.05 0.78 0.22
0.38 0.52 0.08 0.72 0.96 0.03 0.06 0.30 0.37 0.65 0.70 0.74 0.58 0.61 0.60 0.04 0.44 0.64 0.63 0.26 0.37 0.13 0.24 0.18 0.73 0.94 0.80 0.48 0.60 0.31 0.71 0.39 0.69 0.10 0.22 0.09 0.53 0.36 0.46 0.77 0.77 0.95 0.21 0.34 0.63 0.90 0.38 0.77 0.87 0.11
0.43 0.65 0.11 0.96 0.39 0.69 0.99 0.02 0.39 0.57 0.08 0.02 0.35 0.62 0.60 0.68 0.49 0.03 0.06 0.37 0.30 0.18 0.09 0.89 0.07 0.16 0.21 0.41 0.23 0.06 0.20 0.47 0.54 0.87 0.94 0.34 0.26 0.09 0.05 0.94 0.49 0.40 0.50 0.75 0.36 0.12 0.64 0.25 0.70 0.21
0.00 0.73 0.98 0.26 0.33 0.12 0.86 0.91 0.25 0.36 0.42 0.47 0.42 0.24 0.23 0.64 0.71 0.87 0.73 0.87 0.04 0.67 0.00 0.25 0.91 0.81 0.85 0.10 0.09 0.84 0.13 0.18 0.94 0.82 0.56 0.12 0.31 0.94 0.93 0.96 0.70 0.38 0.35 0.89 0.73 0.16 0.55 0.27 0.69 0.45
0.14 0.30 0.80 0.99 0.46 0.14 0.08 0.22 0.83 0.12 0.26 0.59 0.95 0.46 0.11 0.03 0.63 0.69 0.36 0.65 0.83 0.80 0.26 0.11 0.24 0.94 0.45 0.50 0.38 0.72 0.56 0.84 0.27 0.08 0.22 0.58 0.40 0.84 0.12 0.62 0.39 0.12 0.65 0.92 0.03 0.28 0.85 0.40 0.44 0.36
0.25 0.31 0.91 0.53 0.78 0.19 0.64 0.89 0.37 0.60 0.49 0.04 0.72 0.75 0.92 0.42 0.79 0.66 0.50 0.19 0.36 0.02 0.64 0.75 0.53 0.96 0.39 0.51 0.49 0.50 0.37 0.95 0.36 0.20 0.65 0.53 0.00 0.59 0.20 0.72 0.23 1.00 0.99 0.40 0.19 0.14 0.34 0.10 0.94 0.32
0.54 0.70 0.97 0.86 0.31 0.55 0.00 0.35 0.46 0.45 0.27 0.29 0.95 0.77 0.97 0.05 0.53 0.49 0.21 0.28 0.43 0.40 0.73 0.37 0.29 0.27 0.42 0.66 0.28 0.14 0.80 0.24 0.47 0.06 0.51 0.30 0.52 0.81 0.22 0.54 0.07 0.71 0.46 0.26 0.23 0.68 0.98 0.94 0.52 0.69
0.12 0.65 0.89 0.07 0.81 0.94 0.08 0.90 0.21 0.18 0.87 0.33 0.38 0.40 0.87 0.75 0.63 0.03 0.84 0.94 0.55 0.70 0.88 0.20 0.45 0.30 0.81 0.48 0.90 0.76 0.57 0.31 0.51 0.49 0.67 0.86 0.20 0.10 0.20 0.98 0.90 0.35 0.24 0.80 0.21 0.18 0.59 0.12 0.09 0.64
0.74 0.23 0.86 0.10 0.98 0.42 0.26 0.34 0.50 0.50 0.72 0.13 0.40 0.27 0.56 0.88 0.27 0.27 0.19 0.57 0.59 0.78 0.55 0.92 0.77 0.99 0.23 0.65 0.06 0.54 0.96 0.90 0.58 0.89 0.33 0.39 0.61 0.24 0.47 0.44 0.22 0.04 0.25 0.37 0.52 0.43 0.19 0.58 0.18 0.76
0.42 0.28 0.48 0.21 0.21 0.95 0.61 0.92 0.52 0.79 0.80 0.78 0.63 0.18 0.19 0.70 0.17 0.05 0.12 0.13 0.34 0.09 0.39 0.36 0.80 0.32 0.44 0.95 0.05 0.62 0.63 0.54 0.96 0.61 0.09 0.49 0.48 0.16 0.12 0.98 0.54 0.32 0.83 0.03 0.68 0.55 0.60 0.99 0.98 0.67
0.07 0.63 0.82 0.85 0.72 0.65 0.33 0.49 0.95 0.29 0.49 0.66 0.79 0.15 0.47 0.32 0.03 0.65 0.41 0.89 0.14 0.47 0.17 0.23 0.41 0.44 0.94 0.43 0.05 0.88 0.43 0.45 0.96 0.18 0.27 0.40 0.59 0.46 0.75 0.46 0.82 0.98 0.24 0.53 0.09 0.35 0.18 0.22 0.32 0.90
0.28 0.60 0.66 0.04 0.46 0.42 0.70 0.74 0.81 0.57 0.60 0.14 0.39 0.40 0.89 0.19 0.58 0.20 0.73 0.37 0.07 0.59 0.70 0.00 0.76 0.58 0.95 0.27 0.05 0.02 0.02 0.93 0.75 0.86 0.33 0.60 0.68 0.17 0.99 0.44 0.94 0.71 0.08 0.98 0.72 0.31 0.94 0.09 0.95 0.33
0.67 0.79 0.51 0.69 0.10 0.72 0.09 0.86 0.46 0.65 0.14 0.59 0.43 0.74 0.76 0.37 0.80 0.01 0.62 0.05 0.32 0.87 0.81 0.75 0.77 0.65 0.13 0.46 0.52 0.33 0.87 0.03 0.02 0.80 0.13 0.38 0.66 0.26 0.29 0.88 0.05 0.78 0.69 0.93 0.80 0.54 0.28 0.62 0.60 0.07
0.32 0.45 0.90 0.79 0.31 0.22 0.15 0.32 0.38 0.58 0.45 0.29 0.06 0.59 0.08 0.42 0.90 0.40 0.25 0.90 0.89 0.31 0.80 0.07 0.12 0.46 1.00 0.76 0.28 0.16 0.03 0.25 0.99 0.18 0.93 0.39 0.31 0.60 0.30 0.36 0.63 0.28 0.54 0.91 0.69 0.04 0.65 0.40 0.73 0.22
0.80 0.90 0.51 0.30 0.88 0.96 0.85 0.18 0.14 0.75 0.57 0.22 0.77 0.53 0.35 0.08 0.89 0.10 0.54 0.76 0.25 0.03 0.11 0.72 0.34 0.90 0.29 0.09 0.58 0.82 0.63 0.57 0.33 0.57 0.85 0.66 0.40 0.00 0.46 0.52 0.18 0.17 0.70 0.19 0.43 0.24 0.78 0.69 0.37 0.96
0.14 0.13 0.05 0.34 0.56 0.26 0.04 0.68 0.96 0.82 0.71 0.46 0.99 0.01 0.54 0.98 0.55 0.53 0.51 0.62 0.37 0.47 0.66 0.79 0.90 0.39 0.38 0.92 0.11 0.49 0.82 0.22 0.63 0.22 0.96 0.28 0.35 0.72 0.03 0.31 0.14 0.20 0.02 0.65 0.32 0.25 0.81 0.38 0.75 0.17
0.60 0.00 0.34 0.77 0.94 0.67 0.35 0.07 0.03 0.01 0.94 0.69 0.75 0.45 0.65 0.62 0.51 0.03 0.64 0.70 0.15 0.76 0.76 0.45 0.46 0.55 0.09 0.18 0.99 0.14 0.18 0.95 0.44 0.71 0.96 0.98 0.57 0.52 0.58 0.08 0.26 0.63 0.07 0.58 0.85 0.12 0.57 0.56 0.36 0.38
0.34 0.85 0.58 0.98 0.72 0.75 0.82 0.80 0.22 0.45 0.67 0.97 0.34 0.23 0.17 0.06 0.42 0.65 0.60 0.19 0.35 0.40 0.30 0.35 0.78 0.60 0.40 0.51 0.19 0.12 0.12 0.83 0.69 0.77 0.69 0.19 0.98 0.35 0.08 0.49 0.27 0.02 0.82 0.81 0.49 0.10 0.39 0.85 0.82 0.14
0.12 0.06 0.97 0.81 0.12 1.00 0.05 0.20 0.87 0.89 0.21 0.03 0.58 1.00 0.37 0.34 0.86 0.82 0.17 0.15 0.13 0.86 0.71 0.64 0.90 0.71 0.67 0.47 0.42 0.58 0.51 0.47 0.91 0.58 0.07 0.33 0.43 0.04 0.30 0.36 0.39 0.61 0.79 0.98 0.60 0.14 0.37 0.49 0.88 0.98
0.09 0.57 0.88 0.14 0.19 0.28 0.29 0.31 0.24 0.50 0.29 0.40 0.25 0.63 0.85 0.01 0.41 0.60 0.53 0.47 0.06 0.56 0.85 0.57 1.00 0.72 0.52 0.27 0.81 0.13 0.02 0.05 0.75 0.95 0.76 0.78 0.73 0.35 0.37 0.13 0.79 0.17 0.27 0.79 0.68 0.71 0.53 0.81 0.98 0.85
0.29 0.22 0.25 0.24 0.95 0.86 0.84 0.62 0.28 0.58 0.25 0.11 0.23 0.64 0.66 0.50 0.65 0.44 0.36 0.22 0.58 0.06 0.22 0.34 0.14 0.87 0.86 0.27 0.05 0.82 0.36 0.39 0.23 0.96 0.55 0.53 0.45 0.98 0.59 0.74 0.74 0.10 0.84 0.24 0.57 0.04 0.83 0.05 0.71 0.40
0.48 0.33 0.94 0.84 0.83 0.70 0.36 0.71 0.65 0.91 0.93 0.43 0.62 0.83 0.94 0.07 0.96 0.93 0.90 0.89 0.94 0.05 0.08 0.57 0.91 0.53 0.46 0.36 0.27 0.82 0.09 0.64 0.93 0.77 0.12 0.22 0.22 0.92 0.39 0.70 0.68 0.17 0.73 0.07 0.15 0.60 0.58 0.16 0.87 0.12
0.84 0.66 0.38 0.35 0.68 0.79 0.22 0.61 0.12 0.45 0.91 0.47 0.18 0.18 0.96 0.15 0.60 0.92 0.82 0.13 0.93 0.55 0.06 0.79 0.97 0.15 0.22 0.95 0.98 0.36 0.75 0.50 0.18 0.30 0.20 0.80 0.54 0.69 0.63 0.34 0.27 0.97 0.60 0.13 0.57 0.00 0.93 0.56 0.90 0.19
0.30 0.98 0.28 0.69 0.22 0.79 0.57 0.30 0.76 0.79 0.46 0.80 0.46 1.00 0.16 0.59 0.33 0.96 0.04 0.76 0.07 0.10 0.59 0.13 0.53 0.61 0.47 0.25 0.77 0.94 0.03 0.03 0.21 0.11 0.01 0.37 0.09 0.03 0.01 0.38 0.25 0.13 0.62 0.68 0.67 0.70 0.67 0.21 0.53 0.35
0.51 0.93 0.17 0.13 0.08 0.54 0.75 0.67 0.68 0.74 0.53 0.85 0.14 0.79 0.57 0.15 0.16 0.23 0.17 0.06 0.12 0.25 0.27 0.66 0.17 0.83 0.65 0.12 0.48 0.62 0.32 0.25 0.96 0.89 0.94 0.28 0.46 0.89 0.81 0.91 0.68 0.76 0.24 0.31 0.36 0.29 0.36 0.74 0.03 0.43
0.18 0.27 0.46 0.16 0.56 0.63 0.93 0.02 0.76 0.96 0.43 0.80 0.08 0.44 0.44 0.22 0.70 0.65 0.20 0.13 0.74 0.11 0.57 0.06 0.80 0.96 0.56 0.05 0.14 0.39 0.74 0.44 0.89 0.04 0.71 0.79 0.79 0.94 0.46 0.50 0.88 0.72 0.62 0.12 0.00 0.19 0.94 0.28 0.60 0.39
0.82 0.04 0.02 0.53 0.11 0.24 0.29 0.91 0.44 0.12 0.03 0.50 0.38 0.06 0.48 0.21 0.38 0.13 0.98 0.62 0.73 0.00 0.92 0.19 0.44 0.59 0.07 0.02 0.80 0.65 0.88 0.11 0.82 0.58 0.13 0.86 0.79 0.44 0.51 0.88 0.70 0.14 0.69 0.01 0.29 0.76 0.93 0.06 0.67 0.01
