0.79 0.48 0.26 0.24 0.97 0.70 0.45 0.48 0.93 0.27 0.05 0.96 0.78 0.78 0.25 0.43 0.23 0.01 0.45 0.74 0.48 0.12 0.81 0.30 0.25 0.27 0.97 0.06 0.70 0.24 0.34 0.64 0.98 0.27 0.17 0.77 0.55 0.29 0.60 0.90 0.14 0.61 0.44 0.96 0.24 0.09 0.38 0.12 0.79 0.14
0.83 0.95 0.36 0.79 0.35 0.31 0.62 0.48 0.75 0.19 0.72 0.01 0.28 0.05 0.55 0.72 0.90 0.06 0.42 0.52 0.86 0.25 0.11 0.08 0.40 0.36 0.45 0.54 0.89 0.71 0.84 0.96 0.26 0.27 0.83 0.64 0.57 0.39 0.16 0.60 0.79 0.50 0.07 0.77 0.63 0.88 0.26 0.98 0.16 0.76
0.53 0.19 0.83 0.23 0.97 0.96 0.39 0.60 0.00 0.95 0.28 0.68 0.60 0.37 0.12 0.21 0.81 0.37 0.19 0.16 0.26 0.21 0.19 0.13 0.77 0.91 0.03 0.55 0.89 0.60 0.71 0.23 0.88 0.28 0.62 0.88 0.54 0.58 0.39 0.75 0.59 0.15 0.62 0.18 0.91 0.16 0.71 0.17 0.81 0.28
0.51 0.44 0.33 0.38 0.02 0.24 0.63 0.87 0.92 0.50 0.64 0.16 0.52 0.77 0.99 0.94 0.80 0.27 0.07 0.40 0.15 0.08 0.86 0.27 0.19 0.52 0.50 0.88 0.98 0.84 0.34 0.00 0.74 0.45 0.83 0.76 0.11 0.97 0.55 0.82 0.38 0.55 0.31 0.94 0.78 0.99 0.68 0.59 0.01 0.91
0.03 0.71 0.74 0.93 0.20 0.66 0.70 0.86 0.93 0.98 0.98 0.45 0.36 0.89 0.28 0.11 0.90 0.57 0.29 0.96 0.62 0.77 0.27 0.76 0.49 0.67 0.11 0.57 0.99 0.88 0.40 0.35 0.16 0.98 0.83 0.19 0.44 0.44 0.03 0.75 0.05 0.60 0.67 0.98 0.16 0.50 0.65 0.02 0.53 0.88
0.07 0.24 0.77 0.71 0.20 0.47 0.60 0.72 0.82 0.21 0.86 0.17 0.66 0.32 0.13 0.31 0.07 0.81 0.76 0.45 0.30 0.88 0.84 0.35 0.52 0.01 0.29 0.76 0.01 0.38 0.21 0.48 0.24 0.45 0.54 0.22 0.44 0.19 0.06 0.55 0.95 0.27 0.65 0.79 0.00 0.83 0.77 0.98 0.19 0.96
0.95 0.21 0.18 0.66 0.72 0.72 0.49 0.36 0.21 0.33 0.64 0.76 0.11 0.58 0.83 0.33 0.75 0.66 0.63 0.68 0.64 0.76 0.73 0.51 0.14 0.23 0.58 0.27 0.85 0.55 0.62 0.80 0.26 0.46 0.57 0.34 0.65 0.18 0.63 0.80 0.97 0.51 0.11 0.99 0.66 0.65 0.45 0.75 0.06 0.59
0.91 0.87 0.78 0.50 0.61 0.87 0.27 0.53 0.76 0.30 0.05 0.85 0.42 0.37 0.07 0.64 0.63 0.98 0.84 0.48 0.34 0.68 0.49 0.05 0.52 0.67 0.07 0.94 0.80 0.51 0.57 0.84 0.16 0.06 0.07 0.68 0.94 0.63 0.69 0.58 0.39 0.75 0.38 0.70 0.71 0.39 0.69 0.77 0.89 0.82
0.48 0.23 0.48 0.24 0.77 0.12 0.92 0.28 0.53 0.87 0.42 0.16 0.38 0.13 0.12 0.92 0.36 0.53 0.07 0.43 0.83 0.64 0.26 0.52 0.32 0.24 0.03 0.17 0.80 0.30 0.96 0.88 0.99 0.81 0.38 0.04 0.16 0.64 0.12 0.01 0.60 0.37 0.72 0.82 0.34 0.25 0.54 0.04 0.80 0.41
0.32 0.26 0.80 0.04 0.55 0.48 0.77 0.06 0.71 0.96 0.50 0.12 0.50 0.41 0.43 0.67 0.39 0.59 0.36 0.35 0.88 0.70 0.55 0.44 0.81 0.76 0.50 0.61 0.07 0.01 0.54 0.08 0.07 0.53 0.22 0.26 0.06 0.09 0.21 0.77 0.88 0.21 0.87 0.68 0.16 0.77 0.66 0.84 0.89 0.19
0.41 0.24 0.52 0.68 0.48 0.58 0.68 0.24 0.35 0.47 0.72 0.07 0.97 0.38 0.01 0.12 0.15 0.13 0.69 0.06 0.12 0.43 0.24 0.28 0.50 0.12 0.26 0.68 0.18 0.24 0.60 0.14 0.03 0.88 0.10 0.06 0.66 0.33 0.70 0.50 0.02 0.95 0.39 0.08 0.06 0.68 0.93 0.77 0.63 0.49
0.34 1.00 0.76 0.87 0.36 0.29 0.67 0.70 0.38 0.36 0.34 0.21 0.35 0.13 1.00 0.70 0.55 0.14 0.96 0.37 0.77 0.20 0.92 0.63 0.99 0.74 0.76 0.22 0.87 0.07 0.75 0.44 0.22 0.95 0.06 0.03 0.37 0.97 0.85 0.68 0.82 0.70 0.01 0.89 0.60 0.19 0.42 0.18 0.86 0.39
0.38 0.64 0.75 0.74 0.48 1.00 0.64 0.89 0.58 0.20 0.30 0.61 0.51 0.46 0.97 0.16 0.03 0.66 0.73 0.31 0.45 0.94 0.28 0.72 0.93 1.00 0.74 0.47 0.07 0.36 0.50 0.14 0.69 0.90 0.88 0.70 0.24 0.49 0.89 0.74 0.69 0.31 0.63 0.00 0.21 0.65 0.30 0.92 0.61 0.91
0.06 0.07 0.16 0.56 0.36 0.33 0.62 0.77 0.92 0.50 0.21 0.02 0.94 0.56 0.25 0.29 0.82 0.86 0.91 0.45 0.97 0.42 0.85 0.62 0.60 0.10 0.81 0.37 0.54 0.15 0.33 0.19 0.64 0.04 0.73 0.90 0.23 0.82 0.14 0.79 0.59 0.50 0.86 0.53 0.75 0.27 0.94 0.81 0.75 0.34
0.69 0.83 0.26 0.21 0.70 0.19 0.51 0.00 0.90 0.66 0.47 0.67 0.94 0.35 0.53 0.28 0.73 0.69 0.83 0.62 0.36 0.77 0.73 0.90 0.56 0.65 0.64 0.45 0.25 0.19 0.79 0.01 0.13 0.02 0.90 0.40 0.27 0.75 0.91 0.53 0.22 0.18 0.23 0.51 0.03 0.02 0.48 0.21 0.73 0.03
0.00 0.57 0.61 0.09 0.53 0.47 0.99 0.10 0.76 0.65 0.34 0.08 0.80 0.37 0.61 0.79 0.49 0.48 0.97 0.35 0.07 0.03 0.51 0.70 0.06 0.52 0.87 0.54 0.80 0.35 0.79 0.30 0.96 0.69 0.64 0.75 0.96 0.76 0.10 0.13 0.31 0.52 0.50 0.92 0.49 0.18 0.50 0.11 0.39 0.41
0.30 0.99 0.79 0.09 0.76 0.31 0.74 0.01 0.67 0.76 0.69 0.53 0.74 0.61 0.18 0.70 0.08 0.23 0.40 0.09 0.47 0.45 0.26 0.47 0.53 0.52 0.06 0.11 0.34 0.94 0.76 0.60 0.35 0.20 0.22 0.51 0.79 0.71 0.74 0.67 0.64 0.18 0.85 0.61 0.28 0.12 0.85 0.81 0.88 0.19
0.52 0.34 0.73 0.79 0.50 0.60 0.20 0.82 0.57 0.63 0.96 0.15 0.81 0.57 0.69 0.83 0.45 0.24 0.11 0.24 0.90 0.16 0.70 0.39 0.62 0.55 0.33 0.54 0.07 0.58 0.21 0.28 0.76 0.88 0.86 0.39 0.02 0.95 0.59 0.55 0.95 0.74 0.57 0.08 0.51 0.93 0.69 0.41 0.53 0.95
0.77 0.22 0.25 0.62 0.94 0.20 0.57 0.98 0.49 0.97 0.22 0.93 0.98 0.69 0.03 0.19 0.53 0.38 0.67 0.67 0.23 0.46 0.44 0.62 0.88 0.57 0.02 0.30 0.32 0.71 0.88 0.81 0.11 0.90 0.08 0.53 0.52 0.86 0.08 0.74 0.24 0.22 0.51 0.00 0.09 0.82 0.03 0.22 0.65 0.96
0.53 0.29 0.54 0.37 0.16 0.72 0.82 0.67 0.56 0.20 0.90 0.12 0.83 0.84 0.59 0.40 0.17 0.87 0.08 0.76 0.79 0.89 0.96 0.41 0.41 1.00 0.14 0.12 0.17 0.12 0.15 0.95 0.04 0.95 0.15 0.48 0.83 0.66 0.98 0.43 0.43 0.06 0.74 0.94 0.97 0.22 0.63 0.09 0.71 0.95
0.02 0.53 0.63 1.00 0.26 0.51 0.45 0.24 0.80 0.14 0.84 0.30 0.50 0.20 0.49 0.63 0.59 0.68 0.36 0.89 0.65 0.60 0.71 0.10 0.06 0.99 0.23 0.30 0.16 0.12 0.40 0.57 0.35 0.19 0.80 0.13 0.40 0.98 0.10 0.71 0.41 0.86 0.04 0.90 0.19 0.52 0.97 0.24 0.46 0.07
0.94 0.76 0.73 0.36 0.74 0.14 0.84 0.25 0.79 0.77 0.29 0.36 0.35 0.71 0.28 0.38 0.77 0.09 0.40 0.41 0.51 0.29 0.89 0.47 0.57 0.90 0.58 0.82 0.91 0.95 0.22 0.28 0.45 0.64 0.35 0.18 0.26 0.05 0.19 0.08 0.54 0.00 0.25 0.09 0.85 0.54 0.79 0.99 0.89 0.77
0.35 0.72 0.41 0.45 0.70 0.40 0.52 0.98 0.73 0.52 0.53 0.09 0.66 0.15 0.79 0.95 0.47 0.64 0.88 0.81 0.30 0.07 0.24 0.11 0.15 0.77 0.73 0.29 0.14 0.60 0.32 0.98 0.69 0.94 0.97 0.26 0.03 0.95 0.05 0.06 0.24 0.95 0.25 0.55 0.79 0.49 0.79 0.19 0.28 0.81
0.66 0.81 0.84 0.40 0.34 0.61 0.63 0.91 0.76 0.08 0.82 0.83 0.60 0.39 0.66 0.68 0.76 0.02 0.83 0.65 0.77 0.31 0.53 0.80 0.31 0.10 0.61 0.31 0.05 0.71 0.63 0.07 0.47 0.08 0.83 0.44 0.09 0.26 0.21 0.65 0.03 0.26 0.98 0.60 0.12 0.30 0.50 0.57 0.58 0.69
0.07 0.87 0.77 0.31 0.90 0.01 0.28 0.83 0.14 0.14 0.20 0.80 0.12 0.70 0.98 0.34 0.35 0.66 0.76 0.48 0.32 0.95 0.91 0.35 0.42 0.12 0.97 0.92 0.03 0.98 0.85 0.09 0.26 0.46 0.19 0.07 0.42 0.56 0.79 0.55 0.97 0.06 0.37 0.94 0.46 0.93 0.71 0.49 0.76 0.05
0.52 0.26 0.27 0.62 0.68 0.10 0.24 0.88 0.41 0.67 0.63 0.56 0.61 0.80 0.68 0.89 0.46 0.47 0.40 0.96 0.85 0.14 0.43 0.08 0.43 0.97 0.66 0.65 0.18 0.52 0.96 0.65 0.27 0.01 0.43 0.87 0.98 0.57 0.01 0.69 0.70 0.05 0.39 0.38 0.23 0.58 0.70 0.51 0.36 0.84
0.27 0.83 0.02 0.11 0.68 0.21 0.48 0.22 0.54 0.29 0.43 0.02 0.76 0.79 0.59 0.15 0.03 0.33 0.26 0.93 0.93 0.15 0.43 0.11 0.86 0.09 0.34 0.49 0.65 0.76 0.92 0.31 0.41 0.58 0.53 0.53 0.93 0.39 0.88 0.54 0.47 0.84 0.42 0.10 0.23 0.44 0.19 0.48 0.55 0.49
0.31 0.82 0.42 0.98 0.55 0.61 0.86 0.63 0.20 0.15 0.56 0.41 0.91 0.40 0.20 0.86 0.38 0.23 0.23 0.13 0.11 0.56 0.49 0.41 0.35 0.06 0.33 0.27 0.58 0.63 0.45 0.66 0.91 0.47 0.49 0.13 0.46 0.88 0.02 0.97 0.06 0.18 0.77 0.62 0.27 0.02 0.53 0.46 0.51 0.93
0.71 0.71 0.83 0.15 0.18 0.80 0.15 0.83 0.63 0.25 0.45 0.68 0.07 0.58 0.85 0.34 0.15 0.40 0.16 0.78 0.57 0.27 0.21 0.40 0.19 0.62 0.66 0.25 0.32 0.83 0.63 0.24 0.98 0.49 0.39 0.30 0.15 0.79 0.71 0.34 0.11 0.82 0.79 0.26 0.63 0.23 0.89 0.38 0.54 0.12
0.77 0.87 0.01 0.86 0.23 0.44 0.97 0.99 0.52 0.19 0.69 0.89 0.51 0.31 0.16 0.28 0.40 0.82 0.86 0.42 0.29 0.55 0.84 0.28 0.84 0.81 0.93 0.33 0.31 0.84 0.06 0.48 0.06 0.16 0.23 0.80 0.00 0.82 0.11 0.03 0.53 0.77 0.70 0.34 0.54 0.67 0.04 0.54 0.77 0.53
0.32 0.47 0.23 0.24 0.49 0.74 0.36 0.69 0.59 0.94 0.84 0.61 0.43 0.06 0.31 0.63 0.78 0.81 0.02 0.50 0.58 0.01 0.82 0.51 0.41 0.20 0.84 0.13 0.87 0.89 0.44 0.90 0.75 0.28 0.22 0.74 0.92 0.43 0.37 0.72 0.27 0.44 0.03 0.92 0.77 0.82 0.24 0.49 0.72 0.42
0.78 0.65 0.70 0.73 0.11 0.22 0.65 0.65 0.69 0.02 0.67 0.40 0.18 0.98 0.57 0.66 0.32 0.83 0.51 0.38 0.57 0.84 0.36 0.90 0.09 0.41 0.17 0.90 0.09 0.91 0.81 0.63 0.60 0.46 0.44 0.73 0.37 0.77 0.68 0.91 0.94 0.53 0.12 0.20 0.82 0.49 0.85 0.87 0.33 0.14
1.00 0.33 0.84 0.21 0.86 0.61 0.60 0.45 0.42 0.81 0.72 0.66 0.98 0.68 0.58 0.73 0.41 0.59 0.97 0.98 0.46 0.66 0.59 0.03 0.46 0.01 0.84 0.62 0.53 0.67 0.58 0.08 0.41 0.81 0.37 0.99 0.33 0.64 0.89 0.27 0.87 0.73 0.15 0.27 0.97 0.09 0.90 0.85 0.87 0.73
0.03 0.46 0.82 0.88 0.80 0.78 0.25 0.67 0.20 0.65 0.77 0.61 0.98 0.93 0.23 0.17 0.32 0.75 0.17 0.48 0.37 0.40 0.39 0.61 0.14 0.41 0.02 0.14 0.94 0.19 0.52 0.05 0.54 0.87 0.56 0.58 0.69 0.17 0.99 0.01 0.49 0.87 0.73 0.42 0.86 0.04 0.26 0.13 0.05 0.08
0.21 0.13 0.43 0.55 0.61 0.78 0.65 0.11 0.50 0.47 0.59 0.49 0.90 0.09 1.00 0.30 0.63 0.14 0.21 0.23 0.49 0.17 0.04 0.16 0.53 0.34 0.15 0.37 0.44 0.88 0.06 0.26 0.40 0.09 0.57 0.29 0.80 0.13 0.12 0.18 0.42 0.79 0.45 0.57 0.65 0.67 0.57 0.33 0.51 0.91
0.23 0.52 0.42 0.51 0.68 0.91 0.26 0.45 0.85 0.24 0.80 0.72 0.85 0.70 0.85 0.65 0.12 0.32 0.27 0.69 0.12 0.55 0.14 0.04 0.29 0.82 0.90 0.13 0.83 0.95 0.63 0.63 0.99 0.71 0.25 0.28 0.02 0.26 0.38 0.60 0.72 0.17 0.58 0.19 0.90 0.32 0.47 0.24 0.65 0.10
0.92 0.12 0.61 0.57 0.42 0.56 0.22 0.51 0.64 0.64 0.26 0.95 0.78 0.71 0.80 0.70 0.46 0.20 0.08 0.13 0.96 0.74 0.03 0.62 0.84 0.39 0.32 0.93 0.71 0.82 0.24 0.82 0.18 0.20 0.04 0.71 0.69 0.06 0.88 0.87 0.54 0.32 0.30 0.12 0.68 0.40 0.30 0.07 0.14 1.00
0.86 0.80 0.21 0.03 0.46 0.24 0.41 0.73 0.99 0.37 0.11 0.37 0.72 0.09 0.20 0.25 0.22 0.76 0.18 0.89 0.71 0.12 0.23 0.87 0.28 0.88 0.49 0.03 0.38 0.92 0.89 0.21 0.82 0.32 0.69 0.53 0.47 0.56 0.85 0.69 0.21 0.84 0.86 0.40 0.36 0.37 0.76 0.24 0.36 0.42
0.90 0.97 0.15 0.60 0.82 0.55 0.76 0.44 0.56 0.77 0.99 0.55 0.58 0.64 0.20 0.76 0.26 0.56 0.20 0.62 0.25 0.39 0.16 0.67 0.34 0.04 0.20 0.31 0.42 0.18 0.86 0.47 0.43 0.59 0.02 0.92 0.25 0.45 0.20 0.88 0.77 0.47 0.59 0.45 0.09 0.86 0.70 0.62 0.74 0.30
0.70 0.12 0.97 0.82 0.42 0.87 0.68 0.69 0.44 0.63 0.12 0.89 0.87 0.81 0.47 0.99 0.73 0.95 0.39 0.12 0.89 0.29 0.97 0.15 0.99 0.86 0.80 0.91 0.63 0.12 0.99 0.69 0.59 0.28 0.08 0.51 0.14 0.07 0.16 0.35 0.21 0.59 0.23 0.40 0.23 0.89 0.43 0.77 0.51 0.53
